image_width: 1920
image_height: 1080
camera_name: csi_camera
camera_matrix:
  rows: 3
  cols: 3
  data: [970.239822, 0, 879.522612, 0, 971.584593, 505.213972, 0, 0, 1]
distortion_model: plumb_bob
distortion_coefficients:
  rows: 1
  cols: 5
  data: [-0.297591, 0.070161, 0.002342, 0.004414, 0]
rectification_matrix:
  rows: 3
  cols: 3
  data: [1, 0, 0, 0, 1, 0, 0, 0, 1]
projection_matrix:
  rows: 3
  cols: 4
  data: [686.167053, 0, 915.592236, 0, 0, 867.301697, 498.930577, 0, 0, 0, 1, 0]
