image_width: 2592
image_height: 1944
camera_name: csi_camera
camera_matrix:
  rows: 3
  cols: 3
  data: [1300.488689, 0, 1287.727951, 0, 1305.732437, 886.502907, 0, 0, 1]
distortion_model: plumb_bob
distortion_coefficients:
  rows: 1
  cols: 5
  data: [-0.289367, 0.066099, 0.001909, 0.000897, 0]
rectification_matrix:
  rows: 3
  cols: 3
  data: [1, 0, 0, 0, 1, 0, 0, 0, 1]
projection_matrix:
  rows: 3
  cols: 4
  data: [927.472534, 0, 1301.600087, 0, 0, 1037.785156, 846.431654, 0, 0, 0, 1, 0]
