image_width: 2592
image_height: 1944
camera_name: usb_camera
camera_matrix:
  rows: 3
  cols: 3
  data: [2285.831756, 0, 1455.222678, 0, 2285.240439, 1076.091875, 0, 0, 1]
distortion_model: plumb_bob
distortion_coefficients:
  rows: 1
  cols: 5
  data: [0.066556, 0.005439, 0.003204, 0.015197, 0]
rectification_matrix:
  rows: 3
  cols: 3
  data: [1, 0, 0, 0, 1, 0, 0, 0, 1]
projection_matrix:
  rows: 3
  cols: 4
  data: [2348.244141, 0, 1483.770122, 0, 0, 2377.004395, 1078.435078, 0, 0, 0, 1, 0]
